trace_tag,dataset,workload,instructions,nopref_ipc,discard_ipc,permit_ipc,permit_vs_discard_ipc_pct,vberti_end_to_end_issued,vberti_end_to_end_useful,vberti_end_to_end_accuracy_pct,nopref_stlb_demand_miss,discard_stlb_demand_miss,permit_stlb_demand_miss,nopref_stlb_demand_mpki,discard_stlb_demand_mpki,permit_stlb_demand_mpki,demand_miss_reduction_count,demand_miss_reduction_pct,cross_requested,cross_in_pq,pq_drop_rate_pct,cross_pq_drop_rate_pct,dtlb_cross_lookups,dtlb_cross_misses,stlb_cross_lookups,stlb_cross_misses,stlb_cross_fills,stlb_cross_useful,stlb_cross_useless,stlb_cross_late,stlb_cross_too_early,stlb_cross_pollution_evict,cross_requested_mpki,stlb_cross_lookup_mpki,stlb_cross_translation_mpki,stlb_cross_useful_mpki,pq_survival_pct,reach_dtlb_pct_of_requested,reach_stlb_pct_of_requested,trigger_translation_pct_of_requested,useful_pct_of_requested,dtlb_miss_pct_of_lookup,stlb_miss_pct_of_lookup,fill_productivity_pct,stlb_accuracy_pct,stlb_coverage_pct_logged,stlb_too_early_among_useless_pct,stlb_late_among_useful_pct,stlb_pollution_candidate_among_cross_fill_pct,useful_vs_discard_miss_pct,net_reduction_per_useful_pct,too_early_among_useless_pct,pollution_per_fill_pct,late_per_fill_pct
bc.kron-2608B,gap,bc,100000004.0,0.4515,0.4802,0.48,-0.04164931278635153,,,,1814394.0,1814402.0,1806585.0,18.1439,18.144,18.0658,7817.0,0.43083065384628105,245527.0,244127.00013546,0.40787799999999996,0.570202,186639.0,28756.0,10534.0,9368.0,9368.0,34.0,9334.0,0.0,17.0,5665.0,2.455269901789204,0.10533999578640017,0.09367999625280014,0.00033999998640000053,99.429798,76.01567241077356,4.290363177980426,3.8154663234593342,0.013847764197012957,15.407283579530537,88.9310803113727,0.3629376601195559,0.322764,0.00188197,0.18212984786800943,0.0,60.471818958155424,0.001873895641649425,22991.176470588234,0.18212984786800943,60.471818958155424,0.0
bc.kron-5154B,gap,bc,100000002.0,0.9426,0.9585,0.962,0.3651538862806447,,,,286105.0,286106.0,283970.0,2.86105,2.86106,2.8397,2136.0,0.7465764436956932,138604.0,137275.0,0.111305,0.958847,129918.0,5706.0,2517.0,2360.0,2360.0,9.0,2351.0,0.0,0.0,768.0,1.3860399722792005,0.02516999949660001,0.02359999952800001,8.999999820000004e-05,99.04115321347147,93.733225592335,1.8159649072176847,1.7026925629851954,0.006493319096129982,4.3920011083914465,93.76241557409615,0.38135593220338987,0.35756899999999997,0.00316925,0.0,0.0,32.54237288135593,0.0031456872627627524,23733.333333333336,0.0,32.54237288135593,0.0
bc.road-131B,gap,bc,100000004.0,0.1622,0.1622,0.1624,0.12330456226878894,,,,847633.0,847638.0,843418.0,8.47633,8.47638,8.43418,4220.0,0.4978540367468188,6428808.0,1842328.0,57.4538,71.3426,1385776.0,13186.0,6497.0,4364.0,4364.0,1551.0,2813.0,0.0,296.0,4272.0,64.2880774284769,0.0649699974012001,0.04363999825440007,0.015509999379600025,28.657380963936085,21.555722304974733,0.10106072540974936,0.06788194638881734,0.02412577883800543,0.9515246331297409,67.169462828998,35.540788267644366,23.8726,0.183557,10.52257376466406,0.0,97.89184234647112,0.18297905473798956,272.0825274016764,10.52257376466406,97.89184234647112,0.0
bc.road-174B,gap,bc,100000003.0,0.2328,0.2324,0.2319,-0.21514629948364838,,,,877576.0,877656.0,874815.0,8.77576,8.77656,8.74815,2841.0,0.32370313653641064,6498369.0,1917162.0,56.9065,70.4978,1412512.0,13735.0,6847.0,3153.0,3153.0,1286.0,1867.0,0.0,190.0,3104.0,64.98368805048936,0.06846999794590006,0.031529999054100026,0.01285999961420001,29.502202783498443,21.736408012533605,0.1053649000233751,0.04851986706202741,0.01978958104718276,0.9723811195940282,46.04936468526362,40.786552489692355,18.7819,0.146787,10.176754151044456,0.0,98.44592451633365,0.14652665736917425,220.91757387247276,10.176754151044456,98.44592451633365,0.0
bc.road-79B,gap,bc,100000000.0,0.2814,0.2811,0.2807,-0.14229811454998798,,,,737435.0,737500.0,735540.0,7.37435,7.375,7.3554,1960.0,0.26576271186440675,6291570.0,1824005.0,56.867999999999995,71.0087,1367655.0,12055.0,5963.0,2494.0,2494.0,1154.0,1340.0,0.0,177.0,2390.0,62.9157,0.05963,0.02494,0.01154,28.991253375548553,21.737896900137805,0.09477761512627214,0.03964034414303584,0.018342003665221877,0.8814357422010668,41.82458494046621,46.271050521251,19.3527,0.156646,13.208955223880597,0.0,95.8299919807538,0.15647457627118644,169.84402079722705,13.208955223880597,95.8299919807538,0.0
bc.road-95B,gap,bc,100000000.0,0.2148,0.2141,0.2139,-0.09341429238673982,,,,792473.0,792505.0,789225.0,7.92473,7.92505,7.89225,3280.0,0.4138775149683598,6483576.0,1940878.0,57.121599999999994,70.0647,1435915.0,12468.0,6474.0,3558.0,3558.0,1369.0,2189.0,0.0,316.0,3506.0,64.83576,0.06474,0.03558,0.01369,29.93530113628652,22.146960257734314,0.09985230372868306,0.05487712336525399,0.021114890918221673,0.8682965217300467,54.95829471733086,38.47667228780214,21.1461,0.173161,14.435815440840566,0.0,98.53850477796516,0.17274338963161115,239.59094229364499,14.435815440840566,98.53850477796516,0.0
bc.twitter-1658B,gap,bc,100000002.0,0.396,0.4043,0.4061,0.4452139500371155,,,,987694.0,987701.0,982706.0,9.87694,9.87701,9.82706,4995.0,0.5057198484156642,617926.0,431321.0,15.6167,30.1986,332196.0,16548.0,5354.0,5270.0,5270.0,88.0,5182.0,0.0,947.0,2654.0,6.179259876414802,0.05353999892920002,0.05269999894600002,0.0008799999824000003,69.80140016765762,53.75983532008687,0.8664467913633671,0.8528529306098142,0.01424118745610316,4.981396524943106,98.43107956667912,1.669829222011385,1.6436300000000001,0.00895406,18.27479737553068,0.0,50.36053130929792,0.008909578911026717,5676.136363636363,18.27479737553068,50.36053130929792,0.0
bc.twitter-2320B,gap,bc,100000005.0,0.5601,0.5912,0.5907,-0.08457374830851405,,,,1905456.0,1905458.0,1898176.0,19.0546,19.0546,18.9818,7282.0,0.38216533767734584,190591.0,182074.0,1.111,4.46873,151299.0,25518.0,10936.0,9892.0,9892.0,268.0,9624.0,0.0,2200.0,6902.0,1.9059099047045047,0.10935999453200028,0.09891999505400025,0.0026799998660000067,95.53126852789481,79.38412621792214,5.737941455787524,5.190171624053601,0.1406152441615816,16.86594095136121,90.45354791514265,2.7092600080873432,2.45062,0.0141168,22.8595178719867,0.0,69.77355438738374,0.014064859996914128,2717.1641791044776,22.8595178719867,69.77355438738374,0.0
bc.twitter-309B,gap,bc,100000000.0,0.2013,0.2008,0.2013,0.2490039840637559,,,,4271713.0,4271722.0,4231387.0,42.7171,42.7172,42.3139,40335.0,0.9442327941752765,2290002.0,1055032.0,46.3725,53.928799999999995,851451.0,103684.0,44471.0,40914.0,40914.0,1160.0,39754.0,0.0,1434.0,4564.0,22.90002,0.44471,0.40914,0.0116,46.07122613866713,37.18123390285248,1.9419633694643061,1.786635994204372,0.05065497759390603,12.177330228046007,92.0015290863709,2.8352153297159894,2.60844,0.027406700000000003,3.607184182723751,0.0,11.155105831744635,0.027155325182678085,3477.155172413793,3.607184182723751,11.155105831744635,0.0
bc.twitter-876B,gap,bc,100000000.0,0.1777,0.1789,0.1787,-0.11179429849077493,,,,6642007.0,6642049.0,6637270.0,66.4201,66.4205,66.3727,4779.0,0.07195068871066744,1773908.0,528191.0,48.0498,70.2244,445496.0,138509.0,113214.0,108734.0,108734.0,2435.0,106299.0,0.0,70908.0,74431.0,17.73908,1.13214,1.08734,0.02435,29.775557695213056,25.11381650006652,6.382179910119352,6.129630172477942,0.13726754713322226,31.090963779697233,96.04289222181002,2.2394099361745177,2.15079,0.0366733,66.70617785680015,0.0,68.45237000386264,0.036660373929791844,196.26283367556468,66.70617785680015,68.45237000386264,0.0
bc.urand-3004B,gap,bc,100000002.0,0.3282,0.3283,0.3284,0.03045994517212325,,,,1081551.0,1081555.0,1081301.0,10.8155,10.8155,10.813,254.0,0.023484704892492752,200883.0,190128.0,3.72079,5.35386,169873.0,283.0,267.0,260.0,260.0,5.0,255.0,0.0,16.0,116.0,2.0088299598234007,0.0026699999466000012,0.002599999948000001,4.999999900000002e-05,94.6461373038037,84.56315367651818,0.1329131882737713,0.12942857285086343,0.0024890110163627585,0.16659504453326898,97.37827715355806,1.9230769230769231,1.87266,0.000462404,6.2745098039215685,0.0,44.61538461538462,0.0004622973404034007,5080.0,6.2745098039215685,44.61538461538462,0.0
bfs.kron-128B,gap,bfs,100000002.0,0.4578,0.5006,0.5314,6.152616859768267,,,,109597.0,109597.0,84513.0,1.09597,1.09597,0.84513,25084.0,22.8874877961988,22283445.0,2949079.0,71.4659,86.76559999999999,1950614.0,101339.0,25091.0,25084.0,25084.0,24.0,25060.0,0.0,0.0,5261.0,222.8344455433111,0.2509099949818001,0.2508399949832001,0.0002399999952000001,13.234394412533609,8.753646485092409,0.11259928615166999,0.11256787269652425,0.00010770327478538441,5.195235961599783,99.97210155035671,0.09567852017222134,0.0956518,0.0283899,0.0,0.0,20.973528942752353,0.021898409628000767,104516.66666666667,0.0,20.973528942752353,0.0
bfs.kron-542B,gap,bfs,100000001.0,0.1863,0.2,0.2029,1.4499999999999957,,,,1757494.0,1757440.0,1727202.0,17.5749,17.5744,17.272,30238.0,1.720570830298616,36777932.0,3292546.0,80.3228,91.0475,2349325.0,99431.0,42291.0,36470.0,36470.0,5153.0,31317.0,0.0,1988.0,31499.0,367.77931632220685,0.42290999577090005,0.36469999635300004,0.0515299994847,8.952504452942051,6.387865962664785,0.11499015224673319,0.09916272616959539,0.014011119494157528,4.232322049950517,86.23584214135396,14.129421442281325,12.1846,0.297456,6.347989909633746,0.0,86.3696188648204,0.29321057902403497,586.8038036095478,6.347989909633746,86.3696188648204,0.0
bfs.road-112B,gap,bfs,100000000.0,0.1907,0.1907,0.1906,-0.052438384897757206,,,,789187.0,789199.0,785637.0,7.89187,7.89199,7.85637,3562.0,0.4513437041861431,8848802.0,2383798.0,57.505300000000005,73.0608,1765256.0,15925.0,8835.0,4957.0,4957.0,831.0,4126.0,0.0,618.0,4826.0,88.48802,0.08835,0.04957,0.00831,26.939217308738517,19.94909593411628,0.09984402408371212,0.05601888255607934,0.00939110175592131,0.9021354409785323,56.106395019807586,16.76417187815211,9.405769999999999,0.105662,14.978187106156081,0.0,97.35727254387734,0.1052966362096252,428.6401925391095,14.978187106156081,97.35727254387734,0.0
bfs.road-128B,gap,bfs,100000000.0,0.1683,0.1681,0.1681,0.0,,,,973410.0,973467.0,969576.0,9.7341,9.73467,9.69576,3891.0,0.39970538292515306,9226077.0,2616813.0,57.74979999999999,71.6368,1926787.0,14978.0,7833.0,4619.0,4619.0,607.0,4012.0,0.0,279.0,4530.0,92.26077,0.07833,0.04619,0.00607,28.363225236468324,20.884141764695872,0.08490065712653384,0.050064615762474125,0.006579177693834553,0.7773562931450129,58.968466743265665,13.141372591470017,7.74927,0.0625655,6.954137587238285,0.0,98.07317601212384,0.06235445063879926,641.0214168039539,6.954137587238285,98.07317601212384,0.0
bfs.road-140B,gap,bfs,100000000.0,0.1738,0.1737,0.1736,-0.057570523891758985,,,,858808.0,858863.0,854851.0,8.58808,8.58863,8.54851,4012.0,0.4671292161846534,8979969.0,2564723.0,57.538900000000005,71.4395,1878966.0,15542.0,8299.0,4893.0,4893.0,872.0,4021.0,0.0,487.0,4777.0,89.79969,0.08299,0.04893,0.00872,28.56048834912459,20.92396978207831,0.09241680010253933,0.05448793865546751,0.009710501227788203,0.827157064044799,58.95891071213399,17.821377478029838,10.5073,0.101902,12.111415070877891,0.0,97.62926629879419,0.10152958038709317,460.091743119266,12.111415070877891,97.62926629879419,0.0
bfs.road-19B,gap,bfs,100000000.0,0.2354,0.2357,0.2356,-0.042426813746287984,,,,227940.0,227976.0,226403.0,2.2794,2.27976,2.26403,1573.0,0.6899849106923536,8588079.0,2089211.0,57.7611,75.6731,1516913.0,15982.0,8156.0,2593.0,2593.0,317.0,2276.0,0.0,113.0,1892.0,85.88079,0.08156,0.02593,0.00317,24.326872167803767,17.66300705897093,0.09496885159067586,0.030193015224941458,0.0036911630645223453,1.0535871206852339,31.792545365375187,12.225221750867721,3.8867100000000003,0.13982,4.964850615114235,0.0,72.96567682221365,0.13904972453240694,496.2145110410095,4.964850615114235,72.96567682221365,0.0
bfs.twitter-10B,gap,bfs,100000004.0,0.3005,0.3472,0.3654,5.241935483870974,,,,277427.0,277427.0,249660.0,2.77427,2.77427,2.4966,27767.0,10.008759060942158,19788404.0,2187919.0,77.33449999999999,88.9434,1551701.0,93805.0,27907.0,27790.0,27790.0,132.0,27658.0,0.0,9.0,9199.0,197.8840320846387,0.27906998883720047,0.27789998888400047,0.0013199999472000021,11.056571313179173,7.8414661435050546,0.14102703785509937,0.14043578249160468,0.000667057333173509,6.045301253269799,99.58075034937471,0.47499100395825833,0.473,0.052844,0.03254031383324897,0.0,33.101835192515296,0.04758008413023967,21035.60606060606,0.03254031383324897,33.101835192515296,0.0
bfs.twitter-160B,gap,bfs,100000000.0,0.1858,0.1967,0.201,2.186070157600395,,,,271298.0,271269.0,238416.0,2.71298,2.71269,2.38416,32853.0,12.110856751047853,5592692.0,2732296.0,39.2021,51.1452,2082449.0,103885.0,56794.0,38633.0,38634.0,3671.0,34962.0,0.0,63.0,22859.0,55.92692,0.56794,0.38633,0.03671,48.854755455869906,37.2351811971766,1.0155038038926514,0.6907764632845864,0.06563923062453644,4.988597559892223,68.02303060182415,9.501993063105036,6.463710000000001,1.5164,0.1801956409816372,0.0,59.16809028317026,1.353269264088414,894.9332606919096,0.1801956409816372,59.16809028317026,0.0
bfs.twitter-163B,gap,bfs,100000003.0,0.2761,0.3102,0.3231,4.158607350096721,,,,309866.0,309866.0,282656.0,3.09866,3.09866,2.82656,27210.0,8.78121510588448,19529206.0,2459923.0,75.1459,87.40390000000001,1724609.0,83231.0,27291.0,27237.0,27237.0,89.0,27148.0,0.0,15.0,10026.0,195.29205414123837,0.27290999181270026,0.27236999182890026,0.0008899999733000007,12.596123979643616,8.830922260741168,0.13974454465788316,0.13946803572044864,0.0004557276931791287,4.826079418581256,99.80213257117731,0.3267613907552227,0.326115,0.0314771,0.05525268896419625,0.0,36.81022139002093,0.02872209277558687,30573.033707865172,0.05525268896419625,36.81022139002093,0.0
bfs.twitter-242B,gap,bfs,100000001.0,0.2159,0.2273,0.2324,2.243730752309725,,,,228179.0,228179.0,203322.0,2.28179,2.28179,2.03322,24857.0,10.893640519066173,15655693.0,3224954.0,65.196,79.4008,2220658.0,52581.0,24956.0,24913.0,24913.0,89.0,24824.0,0.0,10.0,8065.0,156.55692843443072,0.24955999750440003,0.24912999750870002,0.0008899999911000001,20.59924143888105,14.18434814734806,0.1594052719352634,0.1591306114651073,0.0005684832986952414,2.3678117026575003,99.82769674627345,0.3572432063581263,0.356628,0.0437538,0.04028359651949726,0.0,32.372656845823464,0.039004465792206996,27929.213483146064,0.04028359651949726,32.372656845823464,0.0
bfs.twitter-408B,gap,bfs,100000002.0,0.3002,0.3163,0.3252,2.8137843819158848,,,,174957.0,174957.0,149071.0,1.74957,1.74957,1.49071,25886.0,14.795635499008327,22417721.0,2895579.0,75.1016,87.0835,2024045.0,117237.0,26870.0,26261.0,26261.0,178.0,26083.0,0.0,44.0,10081.0,224.1772055164559,0.2686999946260001,0.2626099947478001,0.0017799999644000006,12.9164735344864,9.028772371642951,0.11986053354843695,0.11714393269503176,0.0007940146993532483,5.792213117791353,97.73353181987346,0.6778112029244888,0.6624490000000001,0.11926400000000001,0.16869225165816815,0.0,38.38772323978523,0.10173928450990814,14542.696629213484,0.16869225165816815,38.38772323978523,0.0
bfs.twitter-44B,gap,bfs,100000005.0,0.2681,0.3309,0.3417,3.263825929283759,,,,287352.0,287285.0,261069.0,2.87352,2.87285,2.61069,26216.0,9.125432932453835,7680284.0,2238131.0,57.629,70.8587,1750027.0,163116.0,90670.0,33252.0,33251.0,8073.0,25179.0,0.0,1214.0,30586.0,76.80283615985819,0.9066999546650023,0.33251998337400085,0.0807299959635002,29.14125310991104,22.785967289751262,1.1805553023820474,0.43295273976847726,0.10511330049774201,9.320770479541173,36.67365170398147,24.2789690535623,8.90372,2.99953,4.821478215973629,0.0,91.98520345252774,2.8101014671841553,324.73677691068997,4.821478215973629,91.98520345252774,0.0
bfs.urand-118B,gap,bfs,100000000.0,0.1327,0.1386,0.1386,0.0,,,,4299021.0,4299139.0,4285969.0,42.9902,42.9914,42.8597,13170.0,0.30634040909121574,14483391.0,2531727.0,61.3831,82.5198,1852451.0,54163.0,21880.0,15748.0,15748.0,985.0,14763.0,0.0,285.0,13649.0,144.83391,0.2188,0.15748,0.00985,17.480208882022172,12.790174621399093,0.15106959413026963,0.10873144279540613,0.006800893520032705,2.923856015624705,71.9744058500914,6.254762509525019,4.50183,0.0229767,1.9305019305019304,0.0,86.67132334264669,0.0229115643853339,1337.0558375634519,1.9305019305019304,86.67132334264669,0.0
bfs.urand-161B,gap,bfs,100000002.0,0.1468,0.1876,0.1965,4.744136460554382,,,,1206621.0,1206299.0,1140679.0,12.0662,12.063,11.4068,65620.0,5.439779026592909,10915340.0,2674786.0,55.2485,75.4952,2048548.0,147412.0,73873.0,66795.0,66795.0,6517.0,60278.0,0.0,448.0,65056.0,109.15339781693204,0.7387299852254003,0.6679499866410002,0.06516999869660002,24.504834480648334,18.767605956387985,0.6767814836734357,0.6119369621102045,0.05970496567216413,7.195926090089174,90.4186915381804,9.756718317239315,8.821900000000001,0.568081,0.7432230664587411,0.0,97.39651171494872,0.540247484247272,1006.9050176461562,0.7432230664587411,97.39651171494872,0.0
bfs.urand-356B,gap,bfs,100000003.0,0.1458,0.1517,0.1518,0.06591957811470373,,,,4184784.0,4184869.0,4171723.0,41.8478,41.8487,41.7172,13146.0,0.3141316968344768,14849654.0,2419974.0,62.5581,83.70349999999999,1764431.0,55899.0,21584.0,15657.0,15657.0,1062.0,14595.0,0.0,274.0,13570.0,148.49653554510394,0.21583999352480018,0.15656999530290014,0.010619999681400009,16.296500915105497,11.881967081522573,0.1453501879572413,0.10543680007628461,0.007151681783292728,3.168103484919501,72.53984432913269,6.782908603180686,4.92031,0.0254506,1.8773552586502227,0.0,86.67049881841987,0.02537713844806134,1237.8531073446327,1.8773552586502227,86.67049881841987,0.0
bfs.urand-36B,gap,bfs,100000001.0,0.2289,0.286,0.2994,4.685314685314701,,,,667586.0,667365.0,623793.0,6.67586,6.67365,6.23793,43572.0,6.528960913443169,39171143.0,2648804.0,83.40039999999999,93.2379,1948322.0,126882.0,48495.0,44199.0,44199.0,3292.0,40907.0,0.0,202.0,37322.0,391.71142608288574,0.4849499951505,0.44198999558010005,0.032919999670800004,6.762130990152623,4.973870688430001,0.1238028719253865,0.11283561472791336,0.008404145878510617,6.512373211409613,91.14135477884318,7.448132310685763,6.788329999999999,0.524969,0.49380301659862613,0.0,84.44082445304193,0.4932832857581683,1323.572296476306,0.49380301659862613,84.44082445304193,0.0
bfs.urand-410B,gap,bfs,100000001.0,0.1323,0.169,0.1818,7.573964497041397,,,,452965.0,452912.0,359019.0,4.52965,4.52912,3.59019,93893.0,20.730958773448265,8640411.0,4171104.0,31.2159,51.72560000000001,3142929.0,201633.0,96889.0,94185.0,94185.0,3966.0,90219.0,0.0,76.0,66806.0,86.4041091359589,0.9688899903111001,0.9418499905815001,0.039659999603400005,48.27437028169146,36.374762728300766,1.1213471211033827,1.090052313483699,0.04590059431200669,6.415448774057575,97.2091775124111,4.21086160216595,4.09334,1.0926099999999999,0.08423946175417595,0.0,70.93061527844137,0.87566679619882,2367.4483106404437,0.08423946175417595,70.93061527844137,0.0
bfs.urand-60B,gap,bfs,100000000.0,0.137,0.1767,0.1876,6.168647425014151,,,,641915.0,641818.0,559534.0,6.41915,6.41818,5.59534,82284.0,12.820456889647843,11546145.0,4436709.0,46.076899999999995,61.5741,3345914.0,179076.0,86718.0,82970.0,82970.0,4819.0,78151.0,0.0,141.0,73997.0,115.46145,0.86718,0.8297,0.04819,38.425890199716015,28.978624467300556,0.7510558718949052,0.7185948210420015,0.04173687408221532,5.352080178988461,95.67794460204341,5.808123418102928,5.55709,0.8538979999999999,0.1804199562385638,0.0,89.1852476798843,0.7508359067523815,1707.4911807428925,0.1804199562385638,89.1852476798843,0.0
cc.kron-10B,gap,cc,100000002.0,0.1794,0.1937,0.1954,0.8776458440887813,,,,1175300.0,1175325.0,1143124.0,11.753,11.7532,11.4312,32201.0,2.7397528343224216,6769514.0,1814705.0,55.1048,73.193,1239496.0,48201.0,34765.0,34299.0,34299.0,1001.0,33298.0,0.0,323.0,16585.0,67.69513864609722,0.3476499930470001,0.3429899931402001,0.010009999799800004,26.807020415350348,18.30997025783535,0.5135523761380802,0.5066685732535601,0.014786881303443643,3.8887580113207303,98.65957140802531,2.91845243301554,2.87933,0.0874904,0.9700282299237192,0.0,48.35417942214059,0.08516793227405187,3216.883116883117,0.9700282299237192,48.35417942214059,0.0
cc.kron-17B,gap,cc,100000004.0,0.1385,0.1478,0.1494,1.0825439783491264,,,,1819109.0,1819110.0,1780102.0,18.1911,18.1911,17.801,39008.0,2.1443453117183675,9697329.0,2271000.0,59.7437,76.58120000000001,1710773.0,61152.0,41908.0,41507.0,41507.0,313.0,41194.0,0.0,1189.0,24105.0,96.97328612106855,0.4190799832368007,0.41506998339720064,0.003129999874800005,23.418819759544096,17.641692882648407,0.4321602371127142,0.4280250778332879,0.0032276929038913705,3.574524498574621,99.04314212083611,0.7540896716216542,0.7468739999999999,0.0175802,2.8863426712628053,0.0,58.07454164357819,0.017206216226616312,12462.61980830671,2.8863426712628053,58.07454164357819,0.0
cc.kron-78B,gap,cc,100000001.0,0.139,0.1485,0.1501,1.0774410774410992,,,,1820111.0,1820112.0,1781340.0,18.2011,18.2011,17.8134,38772.0,2.130198581186213,9692799.0,2264027.0,59.821400000000004,76.6422,1705635.0,60629.0,41626.0,41327.0,41327.0,285.0,41042.0,0.0,1141.0,24049.0,96.92798903072011,0.41625999583740003,0.41326999586730007,0.0028499999715000004,23.35782471090136,17.59692943183904,0.429452834005946,0.42636806973919505,0.002940327143893111,3.5546292143395277,99.28169893816364,0.6896217968882329,0.6846679999999999,0.0159966,2.780078943521271,0.0,58.19198102935127,0.015658377066905774,13604.21052631579,2.780078943521271,58.19198102935127,0.0
cc.kron-82B,gap,cc,100000000.0,0.139,0.1399,0.1404,0.3573981415296634,,,,1743343.0,1743343.0,1735760.0,17.4334,17.4334,17.3576,7583.0,0.43496890743818056,12748129.0,2049093.0,66.1326,83.9263,1417322.0,12982.0,7589.0,7589.0,7589.0,9.0,7580.0,0.0,1833.0,6794.0,127.48129,0.07589,0.07589,9e-05,16.0736763802751,11.117882475145962,0.059530304407807606,0.059530304407807606,7.059859529190518e-05,0.9159527616166263,100.0,0.1185926999604691,0.118593,0.000518502,24.182058047493406,0.0,89.52431150349189,0.0005162495274882797,84255.55555555555,24.182058047493406,89.52431150349189,0.0
cc.kron-99B,gap,cc,100000001.0,0.1785,0.1912,0.1939,1.412133891213374,,,,1181618.0,1181654.0,1149606.0,11.8162,11.8165,11.4961,32048.0,2.712130623685106,6749263.0,1810931.0,55.0241,73.16850000000001,1238490.0,48317.0,34917.0,34255.0,34255.0,1277.0,32978.0,0.0,685.0,16561.0,67.49262932507371,0.34916999650830005,0.3425499965745,0.012769999872300002,26.831537013745056,18.350003548535597,0.5173453753395001,0.5075368969915678,0.018920584366026335,3.9012830139928463,98.10407537875533,3.7279229309589845,3.65724,0.110958,2.0771423373157862,0.0,48.34622682820026,0.10806885941231528,2509.6319498825374,2.0771423373157862,48.34622682820026,0.0
cc.twitter-10B,gap,cc,100000001.0,0.4154,0.4203,0.4224,0.49964311206280865,,,,1491150.0,1491163.0,1485016.0,14.9115,14.9116,14.8502,6147.0,0.41222857595044937,11380882.0,1017484.0,76.4339,91.05969999999999,734931.0,12597.0,6232.0,6208.0,6208.0,3512.0,2696.0,0.0,2498.0,5920.0,113.80881886191182,0.06231999937680001,0.06207999937920001,0.035119999648800006,8.940291270922588,6.457592654066706,0.05475849762786399,0.05454761766267325,0.030858768239579323,1.7140384607534582,99.61489088575097,56.572164948453604,56.3543,0.23593799999999998,92.65578635014838,0.0,95.36082474226805,0.2355208652575205,175.02847380410023,92.65578635014838,95.36082474226805,0.0
cc.twitter-15B,gap,cc,100000000.0,0.3534,0.3959,0.4046,2.197524627431191,,,,1663960.0,1663941.0,1617849.0,16.6396,16.6394,16.1785,46092.0,2.7700501399989546,12119111.0,1668795.0,76.7005,86.2301,1307929.0,159147.0,50851.0,48287.0,48287.0,1262.0,47025.0,0.0,248.0,36451.0,121.19111,0.50851,0.48287,0.01262,13.769945666806748,10.792285011664635,0.41959348338339336,0.39843681603378334,0.010413305068333807,12.167862322801925,94.9578179386836,2.613539876157144,2.48176,0.077944,0.5273790536948432,0.0,75.48822664485265,0.07584403533538749,3652.29793977813,0.5273790536948432,75.48822664485265,0.0
cc.twitter-16B,gap,cc,100000005.0,0.4695,0.5192,0.5345,2.9468412942989186,20344768.0,860070.0,4.227475093350782,1147032.0,1147014.0,1118146.0,11.4703,11.4701,11.1815,28868.0,2.5167957845327082,13135824.0,1372832.0,79.79429999999999,89.5489,1065597.0,95469.0,30778.0,29246.0,29246.0,795.0,28451.0,0.0,895.0,21247.0,131.35823343208833,0.30777998461100076,0.29245998537700074,0.00794999960250002,10.451053546393435,8.112144316184503,0.23430581895737945,0.2226430561189005,0.006052151734067083,8.95920315090977,95.02241861069595,2.7183204540791905,2.5830100000000003,0.0710493,3.145759375768866,0.0,72.6492511796485,0.06931040074489064,3631.194968553459,3.145759375768866,72.6492511796485,0.0
cc.twitter-17B,gap,cc,100000000.0,0.369,0.373,0.3749,0.5093833780160928,25563613.0,20768.0,0.08124047254196815,1427002.0,1427011.0,1420597.0,14.27,14.2701,14.206,6414.0,0.44947095712646923,12150502.0,1339846.0,73.138,88.9729,951347.0,14886.0,6469.0,6453.0,6453.0,3916.0,2537.0,0.0,2408.0,6096.0,121.50502,0.06469,0.06453,0.03916,11.027083490048394,7.829692962480069,0.053240598618888337,0.053108916816770206,0.03222912106841347,1.564728747765011,99.75266656361107,60.68495273516194,60.5349,0.274901,94.91525423728814,0.0,94.46768944676894,0.2744197486914957,163.78958120531155,94.91525423728814,94.46768944676894,0.0
cc.twitter-25B,gap,cc,100000000.0,0.1894,0.2243,0.2311,3.0316540347748555,34781188.0,1371462.0,3.943114306503849,1439508.0,1439516.0,1389280.0,14.3951,14.3952,13.8928,50236.0,3.4897840663111768,15855736.0,2521550.0,72.05120000000001,84.09689999999999,1777370.0,136710.0,54267.0,51625.0,51625.0,708.0,50917.0,0.0,223.0,33841.0,158.55736,0.54267,0.51625,0.00708,15.903077599172944,11.209634166461905,0.34225468940703857,0.32559194981551154,0.004465261026041302,7.691701784096727,95.13147953636648,1.3714285714285714,1.30466,0.0509357,0.4379676728793919,0.0,65.55157384987893,0.049183197685888864,7095.4802259887,0.4379676728793919,65.55157384987893,0.0
cc.twitter-69B,gap,cc,100000001.0,0.385,0.4263,0.4326,1.477832512315258,12823996.0,523544.0,4.082534024495953,2405670.0,2405681.0,2389324.0,24.0567,24.0568,23.8932,16357.0,0.6799322104634821,2976815.0,835121.0,56.31270000000001,71.9458,659090.0,139183.0,75886.0,68344.0,68344.0,12990.0,55354.0,0.0,32562.0,43786.0,29.768149702318503,0.7588599924114001,0.6834399931656001,0.12989999870100002,28.054178711139254,22.140777979148854,2.5492346685971414,2.2958766332472793,0.4363724316089512,21.11744981717216,90.06140790132568,19.006789184127356,17.1178,0.540729,58.82501716226469,0.0,64.06707245698232,0.5399718416531535,125.91993841416473,58.82501716226469,64.06707245698232,0.0
cc.twitter-78B,gap,cc,100000003.0,0.3965,0.4487,0.4625,3.0755515934923094,21070830.0,1088842.0,5.167532555670565,1425159.0,1425167.0,1385746.0,14.2516,14.2517,13.8575,39421.0,2.7660618018800607,12796231.0,1604263.0,78.1336,87.46300000000001,1255492.0,141460.0,42914.0,40667.0,40667.0,708.0,39959.0,0.0,147.0,29760.0,127.96230616113081,0.42913998712580037,0.4066699877999004,0.007079999787600006,12.53699624522252,9.811420253354289,0.3353643740879639,0.317804516032885,0.005532879173562903,11.267296008258116,94.76394649764646,1.7409693363169154,1.6498100000000002,0.05106550000000001,0.36787707400085085,0.0,73.17972803501611,0.04967838856779591,5567.937853107344,0.36787707400085085,73.17972803501611,0.0
cc.twitter-85B,gap,cc,100000003.0,0.4062,0.4623,0.4792,3.655634869132607,20757466.0,1127582.0,5.432175584437908,1350304.0,1350277.0,1309872.0,13.503,13.5028,13.0987,40405.0,2.9923489772839202,12918884.0,1587548.0,78.5809,87.7114,1240327.0,149282.0,44017.0,41701.0,41702.0,902.0,40799.0,0.0,305.0,29638.0,129.18883612433493,0.4401699867949004,0.41700998748970036,0.009019999729400008,12.288584679605453,9.600883481885896,0.34071828495402545,0.3227910398452374,0.0069820272401238375,12.035697037958538,94.73839652861395,2.1629658049973624,2.04921,0.0688143,0.747567342336822,0.0,71.07093184979138,0.06680110821705472,4479.4900221729495,0.747567342336822,71.07093184979138,0.0
cc.urand-353B,gap,cc,100000000.0,0.4058,0.4606,0.5005,8.662613981762913,35726095.0,1978244.0,5.537252252170298,2261201.0,2261109.0,2171122.0,22.612,22.6111,21.7112,89987.0,3.9797727575273902,15582279.0,4123884.0,64.42229999999999,73.5348,3057304.0,447360.0,90233.0,89974.0,89974.0,195.0,89779.0,0.0,37.0,79619.0,155.82279,0.90233,0.89974,0.00195,26.46521731513086,19.62039057316327,0.5790744729958949,0.5774123284533669,0.00125142156676825,14.632499744873261,99.71296532310795,0.21672927734678907,0.21610700000000002,0.008980720000000001,0.04121231022844986,0.0,88.49111965678973,0.008624086676051442,46147.17948717949,0.04121231022844986,88.49111965678973,0.0
cc.web-101B,gap,cc,100000000.0,0.4073,0.5272,0.6561,24.44992412746585,22785073.0,1421665.0,6.239457736211773,133715.0,133716.0,27975.0,1.33715,1.33716,0.27975,105741.0,79.07879386161716,14864196.0,3121607.0,75.5263,78.9992,2357859.0,612040.0,106572.0,105853.0,105853.0,579.0,105274.0,0.0,37.0,1581.0,148.64196,1.06572,1.05853,0.00579,21.000846598093837,15.86267430811596,0.7169711701863997,0.7121340434423765,0.0038952661819044903,25.9574469889845,99.32533873813009,0.5469849697221618,0.543295,2.02774,0.03514637992286794,0.0,1.4935807204330533,0.43300726913757515,18262.694300518135,0.03514637992286794,1.4935807204330533,0.0
cc.web-13B,gap,cc,100000003.0,0.8108,0.9273,1.056,13.879003558718871,18249922.0,791878.0,4.339076079338859,111778.0,111774.0,35273.0,1.11778,1.11774,0.35273,76501.0,68.44257161772863,12535631.0,1899554.0,78.6147,84.8468,1481145.0,447513.0,76927.0,76563.0,76563.0,752.0,75811.0,0.0,74.0,2283.0,125.35630623931081,0.7692699769219007,0.7656299770311007,0.007519999774400007,15.153237998151031,11.815480209971081,0.6136667551876727,0.6107630321919973,0.005998900254801693,30.213989852445238,99.52682413196928,0.9821976672805401,0.9775499999999999,2.08744,0.09761116460671934,0.0,2.9818580776615335,0.6727861577826686,10173.005319148937,0.09761116460671934,2.9818580776615335,0.0
cc.web-34B,gap,cc,100000005.0,0.6948,0.8043,0.9396,16.822081312942938,19167103.0,1077380.0,5.620985080530949,128996.0,128994.0,28646.0,1.28996,1.28994,0.28646,100348.0,77.79276555498706,13197085.0,2434861.0,77.0193,81.55,1884548.0,645033.0,100795.0,100394.0,100394.0,662.0,99732.0,0.0,107.0,2009.0,131.97084340145784,1.0079499496025026,1.0039399498030026,0.0066199996690000165,18.449991039687934,14.280032295010603,0.7637671500941307,0.7607286002931708,0.005016259272407506,34.22746462281672,99.60216280569473,0.6594019562922087,0.656779,2.2587699999999997,0.10728753058195965,0.0,2.001115604518198,0.513202164441757,15158.308157099696,0.10728753058195965,2.001115604518198,0.0
cc.web-99B,gap,cc,100000002.0,0.6894,0.794,0.9192,15.768261964735508,19386610.0,1151768.0,5.9410490023784455,129018.0,129016.0,27500.0,1.29018,1.29016,0.275,101516.0,78.68481428660012,13692272.0,2510046.0,77.0752,81.6682,1936624.0,652595.0,101998.0,101567.0,101567.0,464.0,101103.0,0.0,78.0,923.0,136.92271726154564,1.0199799796004003,1.0156699796866004,0.0046399999072000014,18.331844415594432,14.143920015611727,0.7449311553261577,0.7417833943117694,0.0033887728785989644,33.69755822503491,99.5774426949548,0.45684129687792296,0.454911,1.65928,0.07714904602237323,0.0,0.908759734953282,0.35964531530972904,21878.44827586207,0.07714904602237323,0.908759734953282,0.0
pr.kron-349B,gap,pr,100000001.0,0.02369,0.02369,0.02374,0.21105951878430673,22592723.0,186515.0,0.8255534315186355,17282184.0,17282184.0,17263028.0,172.822,172.822,172.63,19156.0,0.11084247222457533,880339.0,646805.0,7.50141,26.5277,549947.0,44688.0,24692.0,19514.0,19514.0,3838.0,15676.0,0.0,183.0,19331.0,8.8033899119661,0.24691999753080002,0.19513999804860002,0.038379999616200006,73.47226466168146,62.46991215883882,2.8048285944391877,2.216646087473121,0.4359684167121984,8.125873947853158,79.02964522922404,19.667930716408733,15.543499999999998,0.0222275,1.1673896402143402,0.0,99.06221174541355,0.022207841323758616,499.11412193850964,1.1673896402143402,99.06221174541355,0.0
pr.kron-90B,gap,pr,100000003.0,0.02357,0.02357,0.02358,0.042426813746287984,22394958.0,179423.0,0.801175871819005,16796880.0,16796880.0,16777316.0,167.969,167.969,167.773,19564.0,0.11647401184029416,829130.0,618726.0,6.628839999999999,25.3765,529524.0,43871.0,24741.0,19915.0,19915.0,3604.0,16311.0,0.0,577.0,19750.0,8.291299751261008,0.24740999257770022,0.19914999402550018,0.03603999891880003,74.62352104012639,63.865015136347736,2.983971150483036,2.401915260574337,0.43467248802962144,8.284988026982724,80.49391697991189,18.09691187547075,14.566899999999999,0.0214768,3.537490037398075,0.0,99.17147878483556,0.02145636570601207,542.8412874583795,3.537490037398075,99.17147878483556,0.0
pr.twitter-168B,gap,pr,100000004.0,0.0334,0.0334,0.03341,0.029940119760496486,23110771.0,318504.0,1.3781625892100267,13915911.0,13915917.0,13895896.0,139.159,139.159,138.959,20021.0,0.14387122314684686,934618.0,746256.0,5.9124,20.1539,615591.0,70575.0,30856.0,21788.0,21788.0,4366.0,17422.0,0.0,2336.0,21582.0,9.346179626152814,0.3085599876576005,0.21787999128480035,0.04365999825360007,79.84609755001509,65.86551938867002,3.301455781934438,2.33121981387048,0.467142725691138,11.464592562269429,70.61187451387089,20.03855333210942,14.149600000000001,0.0314095,13.408334289978189,0.0,99.05452542684047,0.03137414516053811,458.566193311956,13.408334289978189,99.05452542684047,0.0
pr.twitter-2161B,gap,pr,100000002.0,0.05002,0.05054,0.05081,0.5342303126236736,76930334.0,895856.0,1.1645029384637795,7193850.0,7193857.0,7152361.0,71.9385,71.9386,71.5236,41496.0,0.576825477626258,6446269.0,4389396.0,22.4755,31.907999999999998,3255715.0,248986.0,83069.0,75907.0,75907.0,4154.0,71753.0,0.0,31859.0,58951.0,64.46268871074622,0.8306899833862004,0.7590699848186003,0.041539999169200016,68.0920389763443,50.50541638892203,1.2886368843745117,1.1775338571815728,0.06444037628587948,7.647659577082146,91.37825181475641,5.472486068478533,5.00066,0.058045000000000006,44.40093097152732,0.0,77.66213919664852,0.05774371105792067,998.9407799711122,44.40093097152732,77.66213919664852,0.0
pr.twitter-2741B,gap,pr,100000004.0,0.03211,0.0321,0.03213,0.09345794392523477,22969835.0,298932.0,1.3014111768761072,14199964.0,14199963.0,14179273.0,142.0,142.0,141.793,20690.0,0.1457046050049567,891726.0,714878.0,5.35771,19.8321,592608.0,69311.0,31152.0,22764.0,22764.0,4096.0,18668.0,0.0,3169.0,22561.0,8.917259643309615,0.3115199875392005,0.22763999089440037,0.04095999836160007,80.16789910802197,66.45628814232174,3.4934497816593884,2.5528020939167413,0.459333920957783,11.695927155893946,73.07395993836671,17.99332279037076,13.148399999999999,0.028878900000000002,16.97557317334476,0.0,99.10824108241081,0.02884514558242159,505.126953125,16.97557317334476,99.10824108241081,0.0
pr.twitter-3197B,gap,pr,100000001.0,0.03151,0.03152,0.03153,0.031725888324873885,23026814.0,272792.0,1.1846710534944174,14407041.0,14407046.0,14386223.0,144.07,144.07,143.862,20823.0,0.14453344564874715,853499.0,687887.0,5.09181,19.4039,572401.0,69109.0,31395.0,23634.0,23634.0,3779.0,19855.0,0.0,3746.0,23403.0,8.534989914650101,0.3139499968605,0.23633999763660002,0.0377899996221,80.59611083317027,67.06522210336509,3.678387438063782,2.7690717856728595,0.44276560370896745,12.073528872241662,75.27950310559007,15.989675890665989,12.036900000000001,0.026261299999999998,18.866784185343743,0.0,99.02259456714903,0.02623022096271505,551.0187880391638,18.866784185343743,99.02259456714903,0.0
pr.twitter-833B,gap,pr,100000001.0,0.02817,0.02817,0.02818,0.035498757543495074,21705016.0,183590.0,0.8458413483777205,15720666.0,15720669.0,15700045.0,157.207,157.207,157.0,20624.0,0.1311903456525928,736929.0,580090.0,5.04116,21.282799999999998,501410.0,56037.0,28986.0,22375.0,22375.0,2986.0,19389.0,0.0,2568.0,22202.0,7.369289926307101,0.28985999710140004,0.2237499977625,0.029859999701400002,78.7172169910534,68.04047608385612,3.9333504313169927,3.036249082340361,0.40519507306674046,11.175884007099977,77.19243772855862,13.345251396648045,10.301499999999999,0.0190154,13.244623239981431,0.0,99.22681564245809,0.018994102604666507,690.6898861352981,13.244623239981431,99.22681564245809,0.0
pr.urand-2209B,gap,pr,100000002.0,0.02153,0.02153,0.02153,0.0,21656790.0,591002.0,2.728945517779874,17744219.0,17744219.0,17725735.0,177.442,177.442,177.257,18484.0,0.10416913812887453,810789.0,627445.0,6.28379,22.613,524756.0,63366.0,32386.0,18516.0,18516.0,4367.0,14149.0,0.0,75.0,18366.0,8.107889837842203,0.32385999352280015,0.18515999629680008,0.043669999126600016,77.38696504269298,64.72164767898924,3.994380782176374,2.283701431568509,0.5386111553067444,12.075326437429968,57.17285246711542,23.585007561028302,13.4842,0.024630399999999997,0.5300727966640751,0.0,99.1898898250162,0.024610832406881365,423.26539958781774,0.5300727966640751,99.1898898250162,0.0
sssp.kron-246B,gap,sssp,100000004.0,0.1832,0.1816,0.1822,0.330396475770911,12460205.0,172651.0,1.3856192574680755,7470243.0,7470223.0,7462151.0,74.7024,74.7022,74.6215,8072.0,0.10805567651728737,2126816.0,643878.0,54.9366,69.7257,508506.0,105043.0,36474.0,29304.0,29304.0,367.0,28937.0,0.0,5591.0,25249.0,21.268159149273632,0.3647399854104006,0.29303998827840044,0.003669999853200006,30.27426914222951,23.90926154401697,1.714957946526639,1.377834283736816,0.017255841596076012,20.657180052939395,80.34216153972693,1.2523887523887525,1.0062,0.00491791,19.321284169056916,0.0,86.16229866229867,0.004912838612716113,2199.4550408719347,19.321284169056916,86.16229866229867,0.0
sssp.road-66B,gap,sssp,100000000.0,0.3508,0.3501,0.3496,-0.142816338189089,31861606.0,3436.0,0.010784139380795808,445671.0,445663.0,444843.0,4.45671,4.45663,4.44843,820.0,0.18399553025492354,5891322.0,1102294.0,57.6827,81.2895,828502.0,5263.0,3333.0,1246.0,1246.0,400.0,846.0,0.0,53.0,1226.0,58.91322,0.03333,0.01246,0.004,18.710469398888737,14.063091441954795,0.05657473823362567,0.021149752126941965,0.006789647552790358,0.6352428841451198,37.38373837383738,32.102728731942214,12.001199999999999,0.0898386,6.264775413711583,0.0,98.3948635634029,0.0897539171975237,204.99999999999997,6.264775413711583,98.3948635634029,0.0
sssp.twitter-1116B,gap,sssp,100000001.0,0.2666,0.2852,0.2924,2.524544179523125,83976290.0,686596.0,0.8176069697768262,2172157.0,2172144.0,2099681.0,21.7216,21.7214,20.9968,72463.0,3.3360127137059057,27077448.0,3843888.0,66.0116,85.8041,2948863.0,179797.0,87418.0,84160.0,84160.0,266.0,83894.0,0.0,12082.0,18772.0,270.7744772922552,0.8741799912582001,0.8415999915840001,0.0026599999734,14.195902065807678,10.890476089179453,0.32284430940463815,0.3108121563006972,0.000982367319106291,6.097163550832982,96.2730787709625,0.31606463878326996,0.304285,0.012667000000000001,14.40150666317019,0.0,22.30513307984791,0.01224596527670357,27241.72932330827,14.40150666317019,22.30513307984791,0.0
sssp.twitter-792B,gap,sssp,100000001.0,0.1022,0.1025,0.1027,0.19512195121951237,71477895.0,50754.0,0.0710065678347131,6064937.0,6064994.0,6057015.0,60.6494,60.6499,60.5701,7979.0,0.1315582505110475,13877940.0,2405660.0,62.677400000000006,82.6656,1802697.0,28570.0,11323.0,10203.0,10203.0,981.0,9222.0,0.0,856.0,8712.0,138.77939861220602,0.11322999886770001,0.10202999897970001,0.0098099999019,17.33441706766278,12.989658407515813,0.08158991896491843,0.07351955693712468,0.00706877245470149,1.5848475922465064,90.10862845535635,9.614819170832108,8.663780000000001,0.0161935,9.282151377141618,0.0,85.38665098500441,0.016174789290805562,813.3537206931702,9.282151377141618,85.38665098500441,0.0
sssp.twitter-900B,gap,sssp,100000001.0,0.3263,0.3305,0.3331,0.7866868381240621,27474203.0,147977.0,0.5386034310076256,6406743.0,6406758.0,6392794.0,64.0674,64.0676,63.9279,13964.0,0.21795735066003744,10930956.0,1244280.0,73.53840000000001,88.6169,990708.0,106889.0,60900.0,57094.0,57094.0,1390.0,55704.0,0.0,33735.0,49967.0,109.30955890690441,0.60899999391,0.5709399942906,0.013899999861000002,11.383084882969065,9.063324378947275,0.5571333376513454,0.5223147911308031,0.012716179627838591,10.789152807890922,93.7504105090312,2.43458156723999,2.2824299999999997,0.0217385,60.56118052563551,0.0,87.5170771009213,0.021695840548370954,1004.6043165467627,60.56118052563551,87.5170771009213,0.0
sssp.urand-3381B,gap,sssp,100000001.0,0.1676,0.1678,0.1688,0.5959475566150285,9990013.0,193235.0,1.9342817672009036,7644600.0,7644609.0,7638390.0,76.446,76.4461,76.3839,6219.0,0.0813514464899382,620978.0,405134.0,32.3232,34.7587,331558.0,79867.0,25457.0,19392.0,19392.0,329.0,19063.0,0.0,2642.0,17732.0,6.2097799379022005,0.25456999745430003,0.19391999806080001,0.0032899999671000004,65.24128068949302,53.392873821616874,4.099501109540112,3.1228159451703603,0.05298094296416298,24.08839479065503,76.17551164709117,1.696575907590759,1.2923799999999999,0.004307,13.859308608298798,0.0,91.4397689768977,0.004303686427912795,1890.273556231003,13.859308608298798,91.4397689768977,0.0
sssp.urand-3988B,gap,sssp,100000005.0,0.1746,0.1745,0.176,0.8595988538681931,9475867.0,214285.0,2.2613761885851713,7561252.0,7561299.0,7554599.0,75.6125,75.613,75.546,6700.0,0.08860911332827864,614365.0,390454.0,35.2177,36.445899999999995,328211.0,95333.0,37508.0,19649.0,19649.0,256.0,19393.0,0.0,1825.0,17967.0,6.143649692817515,0.37507998124600095,0.19648999017550048,0.0025599998720000064,63.5540761599375,53.422802405736,6.1051654960813195,3.1982616197211753,0.04166904039129833,29.046253781865932,52.386157619707795,1.3028652857651788,0.682521,0.0033885499999999997,9.410612076522456,0.0,91.43976792712097,0.0033856616435879606,2617.1875,9.410612076522456,91.43976792712097,0.0
sssp.urand-4669B,gap,sssp,100000000.0,0.1672,0.1702,0.1702,0.0,9464568.0,250973.0,2.6517110976433367,7349612.0,7349608.0,7341995.0,73.4961,73.4961,73.42,7613.0,0.10358375575949086,597164.0,374500.0,37.2446,37.2869,307820.0,86864.0,32197.0,19414.0,19414.0,277.0,19137.0,0.0,2118.0,17691.0,5.97164,0.32197,0.19414,0.00277,62.71309054129184,51.54697871941376,5.391651204694188,3.251033217005714,0.046385917436416124,28.219089078032617,60.29754324937105,1.4268053981662718,0.8603289999999999,0.00377267,11.067565449129958,0.0,91.12496136808488,0.003768908491446074,2748.375451263538,11.067565449129958,91.12496136808488,0.0
sssp.urand-4819B,gap,sssp,100000001.0,0.1637,0.1669,0.1679,0.5991611743559,9327181.0,259739.0,2.78475350698137,7243761.0,7243753.0,7236166.0,72.4376,72.4375,72.3617,7587.0,0.10473852435332899,604660.0,389196.0,35.7843,35.633900000000004,321593.0,90192.0,39192.0,18679.0,18679.0,260.0,18419.0,0.0,1605.0,17036.0,6.046599939534,0.3919199960808,0.1867899981321,0.0025999999740000004,64.36609003406873,53.185757285085835,6.481659114212947,3.0891740813018886,0.04299937154764661,28.045386560030845,47.66023678301694,1.3919374698859681,0.663401,0.0035929300000000003,8.713828112275369,0.0,91.20402591145135,0.0035892996351476925,2918.076923076923,8.713828112275369,91.20402591145135,0.0
sssp.web-1185B,gap,sssp,100000003.0,0.3624,0.3659,0.3684,0.6832467887400995,20780320.0,289219.0,1.3917928116602631,721683.0,721688.0,711086.0,7.21683,7.21688,7.11086,10602.0,1.4690558801033133,4398888.0,990935.0,64.6768,77.47309999999999,773204.0,164310.0,44006.0,38745.0,38745.0,2031.0,36714.0,0.0,6512.0,18521.0,43.98887868033364,0.4400599867982004,0.38744998837650035,0.02030999939070002,22.526943172910972,17.577260434909913,1.0003891892678332,0.8807907816702767,0.046170759519223954,21.250536727694115,88.04481207108121,5.24196670538134,4.61528,0.284806,17.737103012474805,0.0,47.80229707058975,0.2814235514515968,522.0088626292467,17.737103012474805,47.80229707058975,0.0
tc.twitter-34B,gap,tc,100000000.0,0.5807,0.589,0.5889,-0.01697792869269632,40638525.0,40179.0,0.09886923799522743,388126.0,388124.0,379937.0,3.88126,3.88124,3.79937,8187.0,2.1093774154651608,19771276.0,2983549.0,71.4056,84.9097,2199280.0,84913.0,41716.0,39061.0,39061.0,861.0,38200.0,0.0,10917.0,12145.0,197.71276,0.41716,0.39061,0.00861,15.09032092819907,11.123611849837108,0.21099295766241893,0.19756438582922012,0.004354802391105157,3.8609454003128296,93.63553552593729,2.2042446429942912,2.0639600000000002,0.22610400000000003,28.57853403141361,0.0,31.092393947927597,0.22183632035122797,950.8710801393729,28.57853403141361,31.092393947927597,0.0
tc.urand-1112B,gap,tc,100000002.0,0.1516,0.1556,0.1549,-0.44987146529561484,5081164.0,116485.0,2.2924865247411814,810344.0,810344.0,808241.0,8.10344,8.10344,8.08241,2103.0,0.25951941397727385,564401.0,420541.0,14.3571,25.489,293040.0,19188.0,5547.0,4266.0,4266.0,30.0,4236.0,0.0,116.0,884.0,5.644009887119802,0.055469998890600024,0.042659999146800014,0.0002999999940000001,74.51103027811786,51.92053167871779,0.982811866031421,0.7558455778781398,0.00531536974597848,6.547911547911547,76.9064359113034,0.7032348804500703,0.540833,0.00371163,2.7384324834749765,0.0,20.721987810595405,0.0037021314404746624,7009.999999999999,2.7384324834749765,20.721987810595405,0.0
tc.urand-187B,gap,tc,100000000.0,0.1429,0.1449,0.1446,-0.20703933747411307,4670254.0,73399.0,1.57162758171183,929541.0,929541.0,927956.0,9.29541,9.29541,9.27956,1585.0,0.1705142645671358,623637.0,504854.0,10.7949,19.0468,346692.0,13163.0,4358.0,3062.0,3062.0,37.0,3025.0,0.0,168.0,952.0,6.23637,0.04358,0.03062,0.00037,80.95318270083398,55.59195493532295,0.6988039516577752,0.4909907526333428,0.005932938552395063,3.796741776562482,70.26158788435062,1.2083605486610058,0.849013,0.0039870999999999995,5.553719008264463,0.0,31.09079033311561,0.003980459172860584,4283.783783783784,5.553719008264463,31.09079033311561,0.0
tc.urand-455B,gap,tc,100000000.0,0.1153,0.1159,0.1159,0.0,3250584.0,48012.0,1.4770268973206044,1478214.0,1478214.0,1476468.0,14.7821,14.7821,14.7647,1746.0,0.11811550966233576,591724.0,558289.0,6.24147,5.650440000000001,427633.0,5792.0,3290.0,1939.0,1939.0,97.0,1842.0,0.0,303.0,954.0,5.91724,0.0329,0.01939,0.00097,94.34956161994444,72.26899703240024,0.5560024606066342,0.32768655657029294,0.0163927777139342,1.354432422193797,58.93617021276596,5.002578648788035,2.94833,0.006569299999999999,16.449511400651463,0.0,49.20061887570913,0.0065619727590186545,1800.0,16.449511400651463,49.20061887570913,0.0
tc.urand-504B,gap,tc,100000000.0,0.1295,0.1304,0.1305,0.07668711656443339,3903617.0,43171.0,1.1059230452167823,1164014.0,1164014.0,1162695.0,11.6401,11.6401,11.627,1319.0,0.11331478831010623,618216.0,567840.0,6.18459,8.148610000000001,401105.0,7806.0,3408.0,1928.0,1928.0,59.0,1869.0,0.0,186.0,837.0,6.18216,0.03408,0.01928,0.00059,91.85139174657402,64.88104481281624,0.5512636360107147,0.3118651086351696,0.009543589942673758,1.9461238329115818,56.57276995305164,3.0601659751037342,1.73122,0.00507416,9.951845906902086,0.0,43.41286307053942,0.00506866755898125,2235.593220338983,9.951845906902086,43.41286307053942,0.0
tc.urand-825B,gap,tc,100000001.0,0.07123,0.07373,0.07399,0.3526380035263843,7386464.0,223299.0,3.0230838463437983,3890302.0,3890303.0,3874144.0,38.903,38.903,38.7414,16159.0,0.4153661038741712,907336.0,759820.0,11.3994,16.2581,545837.0,20459.0,17146.0,16397.0,16397.0,367.0,16030.0,0.0,5144.0,10396.0,9.0733599092664,0.1714599982854,0.16396999836030002,0.0036699999633000003,83.74185527742755,60.15819938809879,1.8897078921149386,1.807158538843383,0.04044808097551514,3.7481885617867605,95.6316342003966,2.2382143074952734,2.14044,0.00947216,32.089831565814094,0.0,63.40184180032933,0.009433712489746943,4402.9972752043595,32.089831565814094,63.40184180032933,0.0
xs.XL100hash-194B,xsbench,xsbench_XL100hash,100000002.0,0.216,0.2166,0.2167,0.046168051708228575,4391166.0,43686.0,0.9948610460183014,821649.0,821669.0,821024.0,8.21649,8.21669,8.21024,645.0,0.07849876288383766,137249.0,137072.0,0.0467311,0.128963,113655.0,4330.0,4234.0,805.0,805.0,93.0,712.0,0.0,496.0,264.0,1.3724899725502004,0.04233999915320002,0.008049999839000004,0.0009299999814000004,99.87103731174726,82.80934651618591,3.0849040794468445,0.5865252205844851,0.06776005653957407,3.809775196867714,19.01275389702409,11.5527950310559,2.1965,0.011326,69.66292134831461,0.0,32.79503105590062,0.011318426276274265,693.5483870967741,69.66292134831461,32.79503105590062,0.0
xs.XL100hash-28B,xsbench,xsbench_XL100hash,100000004.0,0.4907,0.5116,0.5157,0.8014073494917895,38129092.0,223983.0,0.5874333435477561,102900.0,102900.0,98064.0,1.029,1.029,0.98064,4836.0,4.699708454810496,17107448.0,2718340.0,74.517,84.1102,2171514.0,16670.0,10822.0,4870.0,4870.0,2574.0,2296.0,0.0,233.0,1932.0,171.07447315702106,0.10821999567120018,0.04869999805200008,0.02573999897040004,15.889804253679449,12.693383606952949,0.06325899690006365,0.028467133145750317,0.015046078176008485,0.7676671667785702,45.00092404361486,52.85420944558522,23.7849,2.55768,10.14808362369338,0.0,39.67145790554415,2.501457725947522,187.87878787878788,10.14808362369338,39.67145790554415,0.0
xs.XL100nuclide-185B,xsbench,xsbench_XL100nuclide,100000001.0,0.155,0.1549,0.1549,0.0,2156071.0,176.0,0.008162996487592477,3649254.0,3649214.0,3648311.0,36.4925,36.4921,36.4831,903.0,0.02474505468848908,297732.0,230467.0,11.691799999999999,22.592499999999998,192054.0,5852.0,4624.0,1820.0,1820.0,140.0,1680.0,0.0,374.0,1498.0,2.9773199702268003,0.0462399995376,0.018199999818000002,0.001399999986,77.40753429258528,64.50566281085003,1.5530745771364851,0.6112880039767308,0.04702215415205621,3.0470596811313486,39.3598615916955,7.6923076923076925,3.02768,0.00383724,22.26190476190476,0.0,82.3076923076923,0.0038364425873626483,645.0,22.26190476190476,82.3076923076923,0.0
xs.XL100nuclide-296B,xsbench,xsbench_XL100nuclide,100000000.0,0.1549,0.1548,0.1548,0.0,2171509.0,194.0,0.008933879620116703,3676108.0,3676091.0,3675161.0,36.7611,36.7609,36.7516,930.0,0.025298612031094986,309760.0,242167.0,11.2907,21.821099999999998,203891.0,5870.0,4388.0,1898.0,1898.0,150.0,1748.0,0.0,381.0,1536.0,3.0976,0.04388,0.01898,0.0015,78.17891270661157,65.82224948347107,1.4165805785123968,0.6127324380165289,0.048424586776859506,2.8789892638713823,43.25432999088423,7.903055848261328,3.41841,0.00408129,21.79633867276888,0.0,80.927291886196,0.004080421295337901,620.0,21.79633867276888,80.927291886196,0.0
xs.XL100nuclide-577B,xsbench,xsbench_XL100nuclide,100000001.0,0.1552,0.1552,0.1551,-0.06443298969073252,2184006.0,270.0,0.01236260339944121,3666980.0,3667100.0,3666152.0,36.6698,36.671,36.6615,948.0,0.02585149027842164,310972.0,245542.0,10.7529,21.0405,206574.0,7912.0,5871.0,1917.0,1917.0,150.0,1767.0,0.0,387.0,1560.0,3.1097199689028003,0.058709999412900005,0.019169999808300003,0.001499999985,78.95952047129646,66.42848873853595,1.8879513268075583,0.6164542145273529,0.04823585403187425,3.830104466196133,32.652018395503326,7.82472613458529,2.55493,0.00409132,21.901528013582343,0.0,81.37715179968701,0.00409042567696545,632.0,21.901528013582343,81.37715179968701,0.0
xs.XL100nuclide-829B,xsbench,xsbench_XL100nuclide,100000000.0,0.1551,0.155,0.155,0.0,2174838.0,371.0,0.017058741846519145,3670665.0,3670650.0,3669749.0,36.7067,36.7065,36.6975,901.0,0.024546061324288614,297389.0,236810.0,10.7338,20.3703,198431.0,7137.0,5156.0,1970.0,1970.0,123.0,1847.0,0.0,393.0,1585.0,2.97389,0.05156,0.0197,0.00123,79.62971058109076,66.72439128548803,1.7337561241337105,0.6624320334645868,0.04135996960210364,3.5967162388941243,38.20791311093871,6.243654822335025,2.38557,0.0033516200000000005,21.277747698971304,0.0,80.45685279187818,0.00335090515303829,732.520325203252,21.277747698971304,80.45685279187818,0.0
xs.XL100unionized-28B,xsbench,xsbench_XL100unionized,100000003.0,0.4906,0.5121,0.5162,0.8006248779535152,38202907.0,226914.0,0.5939705059617584,102854.0,102857.0,98020.0,1.02854,1.02857,0.9802,4837.0,4.702645420340862,16830316.0,2343263.0,74.38470000000001,86.0771,1813386.0,16431.0,10676.0,4844.0,4844.0,2551.0,2293.0,0.0,229.0,1948.0,168.30315495090534,0.1067599967972001,0.04843999854680004,0.025509999234700022,13.922869897392301,10.774521405302194,0.06343315241377524,0.028781396617865048,0.015157172331167163,0.9060950067994348,45.37279880104908,52.66308835672997,23.8947,2.53652,9.986916703009157,0.0,40.21469859620149,2.480142333531019,189.61191689533516,9.986916703009157,40.21469859620149,0.0
xs.XL64hash-126B,xsbench,xsbench_XL64hash,100000001.0,0.2171,0.218,0.218,0.0,4380912.0,44316.0,1.0115701936035237,821047.0,821047.0,820443.0,8.21047,8.21047,8.20443,604.0,0.07356460714185667,138198.0,138093.0,0.0450616,0.0759779,114438.0,4504.0,4426.0,731.0,731.0,65.0,666.0,0.0,476.0,258.0,1.3819799861802002,0.0442599995574,0.0073099999269000005,0.0006499999935000001,99.92402205531195,82.8072765163027,3.2026512684698765,0.5289512149235155,0.047033965759272926,3.935755605655464,16.51604157252598,8.891928864569083,1.46859,0.00792192,71.47147147147147,0.0,35.294117647058826,0.007916720967252789,929.2307692307693,71.47147147147147,35.294117647058826,0.0
xs.XL64hash-49B,xsbench,xsbench_XL64hash,100000004.0,0.4014,0.4122,0.4142,0.48520135856380264,30035578.0,202207.0,0.6732249334439311,278309.0,278306.0,273147.0,2.78309,2.78306,2.73147,5159.0,1.8537149756023945,14781589.0,1923559.0,76.7006,86.9868,1467179.0,16718.0,10177.0,5210.0,5210.0,2446.0,2764.0,0.0,440.0,2700.0,147.81588408736462,0.10176999592920016,0.05209999791600008,0.02445999902160004,13.013208525822224,9.925719082028325,0.06884916093932797,0.03524654893327098,0.016547612032779425,1.139465600311891,51.193868527070855,46.948176583493286,24.0346,0.887541,15.918958031837915,0.0,51.82341650671785,0.8788887052381191,210.91578086672115,15.918958031837915,51.82341650671785,0.0
xs.XL64nuclide-355B,xsbench,xsbench_XL64nuclide,100000002.0,0.155,0.155,0.1551,0.0645161290322438,2189599.0,368.0,0.016806730364783688,3670020.0,3670003.0,3669066.0,36.7002,36.7,36.6907,937.0,0.02553131427957961,308004.0,241054.0,10.9163,21.7367,202460.0,6305.0,4786.0,1897.0,1897.0,130.0,1767.0,0.0,381.0,1554.0,3.080039938399201,0.04785999904280002,0.018969999620600007,0.0012999999740000005,78.26326930819081,65.73291255957714,1.5538759236893027,0.6159010921936079,0.04220724406176543,3.1141953966215548,39.636439615545335,6.852925672113865,2.7162599999999997,0.0035430099999999996,21.561969439728355,0.0,81.91881918819189,0.0035422314368680355,720.7692307692308,21.561969439728355,81.91881918819189,0.0
xs.XL64unionized-28B,xsbench,xsbench_XL64unionized,100000000.0,0.491,0.5123,0.5159,0.7027132539527692,37568463.0,219118.0,0.5832498391004178,102847.0,102862.0,97995.0,1.02847,1.02862,0.97995,4867.0,4.731582119733234,16368890.0,2305020.0,74.5639,85.9183,1765029.0,17088.0,10956.0,4928.0,4928.0,2562.0,2366.0,0.0,182.0,1912.0,163.6889,0.10956,0.04928,0.02562,14.081712321360826,10.782826446997932,0.06693184449281533,0.030105889892350676,0.015651641620170947,0.9681427330655757,44.97991967871486,51.98863636363637,23.3844,2.54781,7.6923076923076925,0.0,38.798701298701296,2.4907157162022906,189.9687743950039,7.6923076923076925,38.798701298701296,0.0
xs.XXL100hash-552B,xsbench,xsbench_XXL100hash,100000003.0,0.1964,0.1968,0.1969,0.050813008130079496,3982237.0,41704.0,1.0472505780042725,933972.0,933972.0,933313.0,9.33972,9.33972,9.33313,659.0,0.07055886043692959,125617.0,125577.0,0.017901300000000002,0.0318428,101255.0,4017.0,3956.0,789.0,789.0,81.0,708.0,0.0,480.0,194.0,1.2561699623149012,0.039559998813200034,0.007889999763300007,0.0008099999757000008,99.96815717617838,80.60612815144447,3.149255275957872,0.6280996998813855,0.06448171823877341,3.9672114957286055,19.944388270980788,10.26615969581749,2.04752,0.00867801,67.79661016949152,0.0,24.58808618504436,0.008672636867058114,813.5802469135803,67.79661016949152,24.58808618504436,0.0
xs.XXL100hash-563B,xsbench,xsbench_XXL100hash,100000003.0,0.1969,0.1974,0.1973,-0.05065856129685686,3957099.0,41235.0,1.0420512602793106,933889.0,933889.0,933239.0,9.33889,9.33889,9.33239,650.0,0.06960141944064016,122439.0,122409.0,0.00932414,0.024502,98585.0,4040.0,3980.0,792.0,792.0,89.0,703.0,0.0,458.0,185.0,1.224389963268301,0.039799998806000034,0.007919999762400006,0.0008899999733000007,99.97549800308725,80.51764552144333,3.250598257091286,0.6468527184965575,0.07268925750782022,4.097986509103819,19.899497487437188,11.237373737373737,2.23618,0.009535769999999999,65.14935988620199,0.0,23.358585858585858,0.009530040508026114,730.3370786516854,65.14935988620199,23.358585858585858,0.0
xs.XXL100hash-94B,xsbench,xsbench_XXL100hash,100000000.0,0.4774,0.5012,0.5046,0.6783719074221928,37083541.0,229368.0,0.6185169857430821,130926.0,130941.0,124918.0,1.30926,1.30941,1.24918,6023.0,4.599781581017405,16790829.0,2387496.0,74.9086,85.78099999999999,1858386.0,19844.0,11585.0,6047.0,6047.0,2654.0,3393.0,0.0,321.0,2171.0,167.90829,0.11585,0.06047,0.02654,14.219047790910144,11.067863296088596,0.0689959977556796,0.03601370724459167,0.015806247565263155,1.0678083024732214,52.1968062149331,43.889531999338516,22.9089,2.08039,9.460654288240496,0.0,35.90210021498264,2.026867062264684,226.94046721929163,9.460654288240496,35.90210021498264,0.0
xs.XXL100nuclide-165B,xsbench,xsbench_XXL100nuclide,100000001.0,0.145,0.145,0.1449,-0.06896551724137057,2099236.0,238.0,0.011337458008532628,3855369.0,3855322.0,3854431.0,38.5537,38.5532,38.5443,891.0,0.023110910061468277,284238.0,215457.0,12.475999999999999,24.1984,179680.0,5797.0,4533.0,1795.0,1795.0,110.0,1685.0,0.0,389.0,1401.0,2.8423799715762,0.04532999954670001,0.017949999820500002,0.0010999999890000001,75.80161695480548,63.21462999317473,1.5947902813839108,0.6315130278147186,0.03869996270730867,3.226291184327694,39.59849988969777,6.128133704735376,2.42665,0.0028537799999999998,23.08605341246291,0.0,78.05013927576601,0.002853198773020775,810.0,23.08605341246291,78.05013927576601,0.0
xs.XXL100nuclide-30B,xsbench,xsbench_XXL100nuclide,100000005.0,0.512,0.5389,0.5434,0.8350343291890772,37670744.0,223531.0,0.5933809005736653,128941.0,128935.0,123632.0,1.28941,1.28935,1.23632,5303.0,4.11292511730717,16843243.0,2341893.0,75.115,86.0959,1828790.0,17410.0,10536.0,5303.0,5303.0,2644.0,2659.0,0.0,291.0,1920.0,168.43242157837892,0.10535999473200026,0.053029997348500134,0.026439998678000065,13.904050425443604,10.857707152951484,0.06255327433083997,0.03148443562798447,0.01569768957201413,0.9519955817781155,50.33219438116932,49.85857062040355,25.0949,2.09383,10.943963896201579,0.0,36.20592117669244,2.0506456741769106,200.56732223903174,10.943963896201579,36.20592117669244,0.0
xs.XXL100nuclide-324B,xsbench,xsbench_XXL100nuclide,100000000.0,0.1447,0.1447,0.1447,0.0,2124690.0,342.0,0.016096465837369216,3852361.0,3852445.0,3851571.0,38.5236,38.5244,38.5157,874.0,0.022686891052305744,297528.0,223339.0,12.5611,24.9351,185462.0,7246.0,5483.0,1839.0,1839.0,143.0,1696.0,0.0,377.0,1437.0,2.97528,0.05483,0.01839,0.00143,75.06486784437095,62.334301309456585,1.8428517652120138,0.6180930870371865,0.04806270334220645,3.906999816674036,33.540032828743385,7.775965198477433,2.60806,0.0037126299999999997,22.22877358490566,0.0,78.14029363784665,0.0037119283987182166,611.1888111888112,22.22877358490566,78.14029363784665,0.0
xs.XXL100nuclide-487B,xsbench,xsbench_XXL100nuclide,100000001.0,0.1444,0.1443,0.1443,0.0,2101173.0,179.0,0.008519051025308245,3851803.0,3851742.0,3850875.0,38.518,38.5174,38.5087,867.0,0.022509295793955046,287529.0,220144.0,12.5632,23.4359,182736.0,6316.0,4888.0,1743.0,1743.0,144.0,1599.0,0.0,326.0,1341.0,2.8752899712471005,0.048879999511200006,0.017429999825700003,0.0014399999856000002,76.56410309916565,63.553937168076956,1.7000024345370381,0.6061997224627776,0.050081904781778534,3.4563523334208917,35.65875613747954,8.261617900172118,2.94599,0.00373927,20.38774233896185,0.0,76.93631669535283,0.0037385681595496273,602.0833333333333,20.38774233896185,76.93631669535283,0.0
xs.XXL100nuclide-648B,xsbench,xsbench_XXL100nuclide,100000001.0,0.1448,0.1447,0.1447,0.0,2059784.0,226.0,0.010972024251086522,3858568.0,3858514.0,3857637.0,38.5857,38.5851,38.5764,877.0,0.022728957313618663,281077.0,215506.0,12.411,23.3285,179412.0,5595.0,4291.0,1859.0,1859.0,142.0,1717.0,0.0,358.0,1416.0,2.8107699718923005,0.042909999570900005,0.018589999814100002,0.0014199999858000001,76.67151705760344,63.830195996114945,1.526627934694052,0.6613846027956752,0.050519964280250615,3.118520500300983,43.32323467723141,7.638515330823023,3.3092499999999996,0.0036808699999999997,20.85032032615026,0.0,76.16998386229156,0.003680173248043158,617.6056338028169,20.85032032615026,76.16998386229156,0.0
xs.XXL100nuclide-650B,xsbench,xsbench_XXL100nuclide,100000001.0,0.144,0.1439,0.1439,0.0,2085924.0,216.0,0.010355123197201816,3849909.0,3849841.0,3848951.0,38.4991,38.4984,38.4895,890.0,0.023117837853563302,287076.0,215199.0,12.8732,25.037599999999998,178253.0,5059.0,4111.0,1803.0,1803.0,157.0,1646.0,0.0,368.0,1338.0,2.8707599712924003,0.041109999588900006,0.0180299998197,0.0015699999843,74.962379300255,62.09261658933522,1.4320249689977567,0.6280566818542825,0.05468935055525366,2.838100901527604,43.85794210654342,8.707709373266779,3.81902,0.00407887,22.357229647630618,0.0,74.20965058236273,0.004078090497763414,566.8789808917197,22.357229647630618,74.20965058236273,0.0
xs.XXL100nuclide-861B,xsbench,xsbench_XXL100nuclide,100000003.0,0.1446,0.1446,0.1445,-0.06915629322269412,2058458.0,231.0,0.011221992384590795,3856244.0,3856168.0,3855262.0,38.5624,38.5617,38.5526,906.0,0.02349482698886563,280510.0,212420.0,12.3372,24.273600000000002,176506.0,5516.0,4351.0,1819.0,1819.0,153.0,1666.0,0.0,352.0,1395.0,2.8050999158470025,0.04350999869470004,0.018189999454300016,0.0015299999541000015,75.72635556664646,62.92324694306798,1.5511033474742433,0.6484617304195929,0.054543510035292855,3.1251062286834443,41.80648126867387,8.411214953271028,3.51643,0.00396844,21.12845138055222,0.0,76.69048927982408,0.0039676694583845925,592.1568627450981,21.12845138055222,76.69048927982408,0.0
xs.XXL100unionized-24B,xsbench,xsbench_XXL100unionized,100000005.0,0.3264,0.3341,0.3354,0.3891050583657574,22509890.0,173220.0,0.7695284161761785,857653.0,857659.0,852869.0,8.57653,8.57659,8.52869,4790.0,0.558497025041421,15109934.0,1499031.0,81.96560000000001,90.0792,1143135.0,15376.0,8063.0,4797.0,4797.0,2190.0,2607.0,0.0,864.0,2673.0,151.09933244503338,0.0806299959685002,0.04796999760150012,0.021899998905000054,9.92083089178285,7.56545329714875,0.05336224499723162,0.031747325964494616,0.014493776081351514,1.3450729791319485,59.493984869155405,45.6535334584115,27.161099999999998,0.256123,33.14154200230149,0.0,55.72232645403376,0.2553462390064116,218.72146118721463,33.14154200230149,55.72232645403376,0.0
xs.XXL64hash-205B,xsbench,xsbench_XXL64hash,100000001.0,0.1969,0.1976,0.1974,-0.10121457489878916,3974171.0,41310.0,1.039462066428445,934987.0,934988.0,934338.0,9.34987,9.34988,9.34338,650.0,0.06951960880781358,124323.0,124251.0,0.017837,0.0579137,106278.0,4161.0,4091.0,788.0,788.0,89.0,699.0,0.0,464.0,170.0,1.2432299875677002,0.040909999590900005,0.0078799999212,0.0008899999911000001,99.94208633961536,85.48538886609879,3.2906220087996587,0.6338328386541509,0.07158771908657288,3.915203522836335,19.2617941823515,11.294416243654823,2.17551,0.00952455,66.38054363376253,0.0,21.573604060913706,0.009518838744454475,730.3370786516854,66.38054363376253,21.573604060913706,0.0
xs.XXL64hash-24B,xsbench,xsbench_XXL64hash,100000000.0,0.3259,0.334,0.3343,0.08982035928142285,22526426.0,173611.0,0.7706992667190081,857623.0,857626.0,852815.0,8.57623,8.57626,8.52815,4811.0,0.5609671348583182,14277107.0,1387857.0,81.6298,90.2791,1044857.0,14880.0,8009.0,4805.0,4805.0,2191.0,2614.0,0.0,893.0,2667.0,142.77107,0.08009,0.04805,0.02191,9.720855912896079,7.318408414253671,0.056096798882294574,0.03365527764133168,0.015346246266838233,1.424118324325721,59.99500561867899,45.598335067637876,27.3567,0.25625600000000004,34.16220351951033,0.0,55.504682622268476,0.2554726652410258,219.5801004107713,34.16220351951033,55.504682622268476,0.0
xs.XXL64nuclide-24B,xsbench,xsbench_XXL64nuclide,100000003.0,0.3263,0.3339,0.3349,0.2994908655286066,22365026.0,171259.0,0.7657446944170778,857520.0,857522.0,852695.0,8.5752,8.57522,8.52695,4827.0,0.5629010101198569,14547129.0,1315686.0,82.0574,90.9557,990826.0,15481.0,8100.0,4834.0,4834.0,2209.0,2625.0,0.0,867.0,2656.0,145.47128563586142,0.08099999757000008,0.04833999854980004,0.02208999933730002,9.044300081479994,6.811144659540725,0.055681090062513365,0.033229924612616,0.015185126907171853,1.5624337673819622,59.67901234567902,45.69714522134878,27.271600000000003,0.258392,33.02857142857143,0.0,54.944145635084816,0.25760272039667786,218.5151652331372,33.02857142857143,54.944145635084816,0.0
xs.XXL64nuclide-531B,xsbench,xsbench_XXL64nuclide,100000005.0,0.1445,0.1445,0.1444,-0.0692041522491249,2110155.0,206.0,0.009762316038395284,3857568.0,3857585.0,3856774.0,38.5757,38.5758,38.5677,811.0,0.02102351600807241,303473.0,225999.0,12.8225,25.5291,188118.0,8419.0,5926.0,1618.0,1618.0,394.0,1224.0,0.0,265.0,1237.0,3.0347298482635074,0.05925999703700015,0.01617999919100004,0.00393999980300001,74.47087549798499,61.98838117394298,1.9527272607447779,0.5331611049417906,0.12983033086963255,4.475382472703304,27.303408707391156,24.351050679851667,6.648669999999999,0.0102147,21.65032679738562,0.0,76.45241038318912,0.01021364402858265,205.83756345177667,21.65032679738562,76.45241038318912,0.0
xs.XXL64nuclide-566B,xsbench,xsbench_XXL64nuclide,100000001.0,0.1447,0.1447,0.1447,0.0,2052788.0,312.0,0.015198841770314324,3841117.0,3841050.0,3840170.0,38.4112,38.4105,38.4017,880.0,0.022910402103591465,277289.0,211456.0,12.4281,23.741699999999998,176388.0,5952.0,4771.0,1800.0,1800.0,149.0,1651.0,0.0,387.0,1373.0,2.7728899722711002,0.047709999522900004,0.01799999982,0.0014899999851000002,76.25834418242339,63.61161099069923,1.7205875458456703,0.6491422306690854,0.05373455131649651,3.374379209470032,37.72793963529658,8.277777777777779,3.12304,0.00387989,23.440339188370686,0.0,76.27777777777777,0.003879147628903555,590.6040268456376,23.440339188370686,76.27777777777777,0.0
xs.XXL64unionized-24B,xsbench,xsbench_XXL64unionized,100000000.0,0.3261,0.3339,0.3347,0.23959269242288528,22667117.0,177129.0,0.7814359452946751,857761.0,857764.0,852992.0,8.57761,8.57764,8.52992,4772.0,0.5563301793966638,14157531.0,1339405.0,81.85510000000001,90.5393,1014406.0,15038.0,8020.0,4789.0,4789.0,2210.0,2579.0,0.0,884.0,2680.0,141.57531,0.0802,0.04789,0.0221,9.460724472367392,7.165133525047553,0.05664829552554044,0.03382651960995176,0.015610066472748672,1.4824439129894735,59.71321695760599,46.14742117352266,27.5561,0.25841800000000004,34.27685149282668,0.0,55.96157861766549,0.257646625412118,215.92760180995475,34.27685149282668,55.96157861766549,0.0
